		 TREMURI 1   7    0
/impostazioni
Default
convergenza 3



/pareti
!num    X0      Y0  angulo (preferencialemente em radianos)
1	0	0	0
2	17.15	0	90°
3	17.15	11.35	180°
4	0	11.35	270°
5	0	5.73	0°
6	5.18	0	90°
7	11.98	0	90°
8	11.98	1.53	0°
9	7.31	1.88	90°
10	9.48	1.88	90°




/Materiali
!num          E         G             rho       fm        tau0/fvm0     fvlim   verifica    driftT    driftPF    mu     Gc      beta

1	2080e6		700e6	      1800	5.44e6	  0.224e6	0	2	    1	      1	       	 0.15	5	0.5    
99	2080e6		700e6	      1800	5.44e6	  0.224e6	0	2	    1	      1		 0.15	5	0      
       


	
/nodi2d
!num    n_wall	X_local	Z	N/P/R	rho	thick	xleft	xright	zup	zdown               
3	1	8.58	6.1	R	1800	0.6	1.60	1.60	0.00	0.65
9	1	8.58	2.7	R	1800	0.6	1.60	1.60	1.05	0.50
15	1	7.31	0.0	N
16	1	9.49	0.0	N
29	3	7.67	6.1	R	1800	0.55	0.5	2.3	0.0	0.65	
33	3	7.67	2.7	R	1800	0.6	0.5	2.3	1.05	0.5
37	3	7.67	0.0	R	1800	0.7	0.5	2.3	0.8	0.0
55	9	2.1	6.1	N
56	9	2.1	2.7	N
57	9	2.1	0.0	N


/nodi3d
!num    n_subwalls     wall_i  wall_j    Z    N/P/R	rho	thick   xleft,	xright, zup,    zdown	N/P/R	rho	thick	xleft,	xright,	zup,	zdown
1	2		1	4	6.1	R	1800	0.55	0.0	2.08	0.0	0.65	R	1800	0.55	2.28	0.0	0.0	0.65
2	2		1	6	6.1	R	1800	0.55	1.9	0.6	0.0	0.65	R	1800	0.4	0.0	0.61	0.0	1.15
5	2		1	7	6.1	R	1800	0.55	0.6	1.9	0.0	0.65	R	1800	0.4	0.0	0.43	0.0	1.15
6	2		1	2	6.1	R	1800	0.55	2.08	0.0	0.0	0.65	N
7	2		1	4	2.7	R	1800	0.6	0.0	2.08	1.05	0.5	R	1800	0.6	2.28	0.0	1.05	0.5
8	2		1	6	2.7	R	1800	0.6	1.9	0.6	1.05	0.5	R	1800	0.55	0.0	0.61	0.25	0.70
11	2		1	7	2.7	R	1800	0.6	0.6	1.9	1.05	0.5	R	1800	0.5	0.0	0.43	0.25	0.7
12	2		1	2	2.7	R	1800	0.6	2.08	0.0	1.05	0.5	N
13	2		1	4	0.0	R	1800	0.7	0.0	2.08	0.8	0.0	R	1800	0.7	2.28	0.0	0.8	0.0
14	2		1	6	0.0	R	1800	0.7	1.9	0.6	0.8	0.0	N
17	2		1	7	0.0	R	1800	0.7	0.6	1.9	0.8	0.0	N	
18	2		1	2	0.0	R	1800	0.7	2.08	0.0	0.8	0.0	N
19	2		2	8	6.1	R	1800	0.55	1.53	0.75	0.0	0.65	R	1800	0.4	3.48	0.0	0.0	1.15
20	2		2	5	6.1	R	1800	0.55	2.25	2.15	0.0	0.65	R	1800	0.40	2.7	0.0	0.0	1.15
21	2		2	3	6.1	R	1800	0.55	2.28	0.0	0.0	0.65	R	1800	0.55	0.0	2.08	0.0	0.65
22	2		2	8	2.7	R	1800	0.6	1.53	0.75	1.05	0.5	R	1800	0.4	3.48	0.0	0.25	0.7	
23	2		2	5	2.7	R	1800	0.6	2.25	2.15	1.05	0.5	R	1800	0.55	2.70	0.0	0.25	0.7
24	2		2	3	2.7	R	1800	0.6	2.28	0.0	1.05	0.5	R	1800	0.6	0.0	2.08	1.05	0.5
25	2		2	8	0.0	N	N	
26	2		2	5	0.0	N	N	
27	2		2	3	0.0	R	1800	0.7	2.28	0.0	0.8	0.0	R	1800	0.7	0.0	2.08	0.8	0.0
28	2		3	7	6.1	R	1800	0.55	1.9	0.8	0.0	0.65	R	1800	0.4	2.23	0.0	0.0	1.15	
30	2		3	6	6.1	R	1800	0.55	0.8	1.9	0.0	0.65	R	1800	0.4	2.23	0.0	0.0	1.15
31	2		3	4	6.1	R	1800	0.55	2.08	0.0	0.0	0.65	R	1800	0.55	0.0	2.28	0.0	0.65
32	2		3	7	2.7	R	1800	0.6	1.9	0.8	1.05	0.5	R	1800	0.5	2.23	0.0	0.25	0.7
34	2		3	6	2.7	R	1800	0.6	0.8	1.9	1.05	0.5	R	1800	0.5	2.23	0.0	0.25	0.7
35	2		3	4	2.7	R	1800	0.6	2.08	0.0	1.05	0.5	R	1800	0.6	0.0	2.28	1.05	0.5
36	2		3	7	0.0	R	1800	0.7	1.9	0.8	0.8	0.0	N
38	2		3	6	0.0	R	1800	0.7	0.8	1.9	0.8	0.0	N
39	2		3	4	0.0	R	1800	0.7	2.08	0.0	0.8	0.0	R	1800	0.7	0.0	2.28	0.8	0.0
40 	2		4	5	6.1	R	1800	0.55	2.15	2.25	0.0	0.65	R	1800	0.4	0.0	2.80	0.0	1.15	
41	2		4	5	2.7	R	1800	0.6	2.15	2.25	1.05	0.5	R	1800	0.6	0.0	2.80	0.24	0.7
42	2		4	5	0.0	R	1800	0.7	2.15	2.25	0.8	0.0	N
43	2		5	6	6.1	R	1800	0.4	1.33	2.15	0.0	1.15	R	1800	0.4	3.86	2.00	0.0	1.15	
44	2		5	10	6.1	R	1800	0.4	2.15	0.51	0.0	1.15	N
45	2		5	7	6.1	R	1800	0.4	0.31	1.23	0.0	1.15	R	1800	0.4	1.9	2.0	0.0	1.15
46	2		5	6	2.7	R	1800	0.6	1.33	2.15	0.25	0.7	R	1800	0.5	3.86	2.00	0.25	0.7
47	2		5	10	2.7	R	1800	0.6	2.15	0.51	0.25	0.7	N
48	2		5	7	2.7	R	1800	0.6	0.31	1.23	0.25	0.7	R	1800	0.5	1.9	2.0	0.25	0.7
49	2		5	6	0.0	N	N
50	2		5	10	0.0	N	N
51	2		5	7	0.0	N	N
52	2		7	8	6.1	R	1800	0.4	0.2	0.95	0.0	1.15	R	1800	0.4	0.0	0.7	0.0	1.15
53	2		7	8	2.7	R	1800	0.5	0.2	0.95	0.25	0.7	R	1800	0.4	0.0	0.7	0.25	0.7
54	2		7	8	0.0	N	N



/elementi
!num    parete  incI    incJ    XBARloc	ZBAR    b       h       thick	mat	type (0=pier 1=spandrel 2=Generic+angle)
!Wall 1
1	1	1	2	2.68	5.775	0.65	1.2	0.55	99	1
2	1	2	3	6.38	5.775	0.65	1.2	0.55	99	1
3	1	3	5	10.79	5.775	0.65	1.2	0.55	99	1
4	1	5	6	14.49	5.775	0.65	1.2	0.55	99	1
5	1	7	1	1.04	4.6	2.08	1.7	0.55	1	0
6	1	8	2	4.53	4.6	2.5	1.7	0.55	1	0
7	1	9	3	8.58	4.6	3.2	1.7	0.55	1	0
9	1	11	5	12.68	4.6	2.5	1.7	0.55	1	0
10	1	12	6	16.12	4.6	2.08	1.7	0.55	1	0
11	1	7	8	2.68	2.975	1.55	1.2	0.6	99	1
12	1	8	9	6.38	2.975	1.55	1.2	0.6	99	1
13	1	9	11	10.79	2.975	1.55	1.2	0.6	99	1
14	1	11	12	14.49	2.975	1.55	1.2	0.6	99	1
15	1	13	7	1.04	1.5	2.08	1.4	0.7	1	0
16	1	14	8	4.53	1.5	2.5	1.4	0.7	1	0
17	1	15	9	7.41	1.1	0.85	2.2	0.7	1	0
18	1	16	9	9.76	1.1	0.85	2.2	0.7	1	0
19	1	17	11	12.63	1.5	2.5	1.4	0.7	1	0
20	1	18	12	16.12	1.5	2.08	1.4	0.7	1	0
21	1	13	14	2.68	0.4	0.8	1.2	0.7	99	1
22	1	14	15	6.38	0.4	0.8	1.2	0.7	99	1
23	1	16	17	10.79	0.4	0.8	1.2	0.7	99	1
24	1	17	18	14.49	0.4	0.8	1.2	0.7	99	1

!Wall 2
25	2	19	20	2.88	5.775	0.65	1.2	0.55	99	1
26	2	20	21	8.48	5.775	0.65	1.2	0.55	99	1
28	2	22	19	1.14	4.6	2.28	1.7	0.55	1	0
29	2	23	20	5.68	4.6	4.3	1.7	0.55	1	0
30	2	24	21	10.22	4.6	2.28	1.7	0.55	1	0
31	2	22	23	2.88	2.975	1.55	1.2	0.6	99	1
32	2	23	24	8.48	2.975	1.55	1.2	0.6	99	1
34	2	25	22	1.14	1.1	2.28	2.2	0.7	1	0
35	2	26	23	5.68	1.1	4.3	2.2	0.7	1	0
36	2	27	24	10.22	1.5	2.28	1.4	0.7	1	0
37	2	26	27	8.48	0.4	0.8	1.2	0.7	99	1

!Wall 3
38	3	21	28	2.68	5.775	0.65	1.2	0.55	99	1
39	3	28	29	6.58	5.775	0.65	1.2	0.55	99	1
40	3	29	30	10.58	5.775	0.65	1.2	0.55	99	1
41	3	30	31	14.48	5.775	0.65	1.2	0.55	99	1
42	3	24	21	1.04	4.6	2.08	1.7	0.55	1	0
43	3	32	28	4.63	4.6	2.7	1.7	0.55	1	0
44	3	33	29	8.58	4.6	2.8	1.7	0.55	1	0
45	3	34	30	12.53	4.6	2.7	1.7	0.55	1	0
46	3	35	31	16.12	4.6	2.08	1.7	0.55	1	0
47	3	24	32	2.68	2.975	1.55	1.2	0.6	99	1
48	3	32	33	6.58	2.975	1.55	1.2	0.6	99	1
49	3	33	34	10.58	2.975	1.55	1.2	0.6	99	1
50	3	34	35	14.48	2.975	1.55	1.2	0.6	99	1
51	3	27	24	1.04	1.5	2.08	1.4	0.7	1	0
52	3	36	32	4.63	1.5	2.7	1.4	0.7	1	0
53	3	37	33	8.58	1.5	2.8	1.4	0.7	1	0
54	3	38	34	12.53	1.5	2.7	1.4	0.7	1	0
55	3	39	35	16.12	1.5	2.08	1.4	0.7	1	0
56	3	27	36	2.68	0.4	0.8	1.2	0.7	99	1
57	3	36	37	6.58	0.4	0.8	1.2	0.7	99	1
58	3	37	38	10.58	0.4	0.8	1.2	0.7	99	1
59	3	38	39	14.48	0.4	0.8	1.2	0.7	99	1

!Wall 4
60	4	31	40	2.88	5.775	0.65	1.2	0.55	99	1
61	4	40	1	8.48	5.775	0.65	1.2	0.55	99	1
62	4	35	31	1.14	4.6	2.28	1.7	0.55	1	0
63	4	41	40	5.68	4.6	4.4	1.7	0.55	1	0
64	4	7	1	10.22	4.6	2.28	1.7	0.55	1	0
65	4	35	41	2.88	2.975	1.55	1.2	0.6	99	1
66	4	41	7	8.48	2.975	1.55	1.2	0.6	99	1
67	4	39	35	1.14	1.5	2.28	1.7	0.7	1	0
68	4	42	41	5.68	1.5	4.4	1.7	0.7	1	0
69	4	13	 7	10.22	1.5	2.28	1.7	0.7	1	0
70	4	39	42	2.88	0.4	0.8	1.2	0.7	99	1
71	4	42	13	8.48	0.4	0.8	1.2	0.7	99	1		
!num    parete  incI    incJ    XBARloc	ZBAR    b       h       thick	mat	type (0=pier 1=spandrel 2=Generic+angle)
!Wall 5
72	5	40	43	3.325	5.53	1.15	1.05	0.4	99	1
73	5	44	45	10.83	5.53	1.15	1.68	0.4	99	1
74	5	45	20	13.84	5.53	1.15	1.25	0.4	99	1
75	5	41	40	1.4	3.95	2.8	2.0	0.4	1	0
76	5	46	43	5.59	3.95	3.48	2.0	0.4	1	0
77	5	47	44	8.66	3.95	2.66	2.0	0.4	1	0
78	5	48	45	12.44	3.95	1.54	2.0	0.4	1	0
79	5	23	20	15.81	3.95	2.7	2.0	0.4	1	0
80	5	41	46	3.325	2.48	1.15	1.05	0.6	99	1
81	5	47	48	10.83	2.48	1.15	1.68	0.6	99	1
82	5	48	23	13.84	2.48	1.15	1.25	0.6	99	1
83	5	42	41	1.4	1.0	2.8	2.0	0.7	1	0
84	5	49	46	5.59	1.0	3.48	2.0	0.7	1	0
85	5	50	47	8.66	1.0	2.66	2.0	0.7	1	0
86	5	51	48	12.44	1.0	1.54	2.0	0.7	1	0
87	5	26	23	15.81	1.0	2.7	2.0	0.7	1	0

!Wall 6
88	6	2	43	1.24	5.53	1.15	1.26	0.4	99	1
89	6	43	30	8.43	5.53	1.15	1.4	0.4	99	1
90	6	8	2	0.31	3.95	0.6	2.0	0.4	1	0
91	6	46	43	4.80	3.95	5.86	2.0	0.4	1	0
92	6	34	30	10.25	3.95	2.23	2.0	0.4	1	0
93	6	8	46	1.24	2.48	0.95	1.26	0.45	99	1
94	6	46	34	8.43	2.48	0.95	1.4	0.45	99	1
95	6	14	8	0.31	1.0	0.6	2.0	0.5	1	0
96	6	49	46	4.80	1.0	5.86	2.0	0.5	1	0
97	6	38	34	10.25	1.0	2.23	2.0	0.5	1	0

!Wall 7	
98	7	5	52	0.88	5.53	1.15	0.9	0.4	99	1
99	7	52	45	3.16	5.53	1.15	1.35	0.4	99	1
100	7	45	28	8.43	5.53	1.15	1.4	0.4	99	1
101	7	11	5	0.22	3.95	0.43	2.0	0.4	1	0
102	7	53	52	1.91	3.95	1.15	2.0	0.4	1	0
103	7	48	45	5.78	3.95	3.9	2.0	0.4	1	0
104	7	32	28	10.25	3.95	2.23	2.0	0.4	1	0
105	7	11	53	0.88	2.48	0.95	0.9	0.45	99	1
106	7	53	48	3.16	2.48	0.95	1.35	0.45	99	1
107	7	48	32	8.43	2.48	0.95	1.4	0.45	99	1
108	7	17	11	0.22	1.0	0.43	2.0	0.5	1	0
109	7	54	53	1.91	1.0	1.15	2.0	0.5	1	0
110	7	51	48	5.78	1.0	3.9	2.0	0.5	1	0
111	7	36	32	10.25	1.0	2.23	2.0	0.5	1	0

!Wall 8
112	8	52	19	1.2	5.53	1.15	1.0	0.4	99	1
113	8	53	52	0.35	3.95	0.7	2.0	0.4	1	0
114	8	22	19	3.44	3.95	3.48	2.0	0.4	1	0
115	8	53	22	1.2	2.48	0.95	1.0	0.4	99	1
116	8	54	53	0.35	1.0	0.7	2.0	0.4	1	0
117	8	25	22	3.44	1.0	3.48	2.0	0.4	1	0

!Wall 9	
118	9	56	55	1.05	4.4	2.1	3.4	0.6	1	0
119	9	57	56	1.05	1.35	2.1	2.7	0.6	1	0

!Wall 10	
120	10	47	44	1.925	4.4	3.85	3.4	0.4	1	0
121	10	50	47	1.925	1.35	3.85	2.7	0.6	1	0
	




/masse
!!1st floor
!2     1644.61
!8     1644.61
!17    1644.61
!11    1644.61

!2nd floor
!3     769.61
!9     769.61
!18    769.61
!12    769.61


/Piani   0	2.7	6.1 	0



/ripartizione
3	2	5
9	8	11
29	28	30
33	32	34
55	43	44
56	46	47




/vincoli
!nodo2d UlocX UZ Rot (oppure:   Nodo2P UX UY UZ RotX RotY) 1=>vincolato
13	v	v	v	v	v	
14	v	v	v	v	v	
15	v	v	v
16	v	v	v
17	v	v	v	v	v	
18	v	v	v	v	v	
25	v	v	v	v	v	
26	v	v	v	v	v	
27	v	v	v	v	v
36	v	v	v	v	v	
37	v	v	v
38	v	v	v	v	v	
39	v	v	v	v	v	
42	v	v	v	v	v	
49	v	v	v	v	v	
50	v	v	v	v	v	
51	v	v	v	v	v	
54	v	v	v	v	v	
57	v	v	v



!ANALYSIS

!Gravity
/pp	1	0.008	1000	0	0	-9.81

!Modal
/am 10

!Pushover
!/po 150 0.0005 1000 1 ux 0.02 0.8 0
!1 1 0 0 0 0
!30 1 0 0 0 0
!41 1 0 0 0 0
!6 0.5 0 0 0 0



!Dynamic
/ad 4038	0.01	 100	 0.01	 0.922265243 	0.002315229 	1
uy montenegro.txt 4.399

!-------------------------------------------------------------------------------------------------------------------------------------------------------------------------------
!OUTPUT


!/var pounding1
!e200.Ni 0.001
!/var pounding2
!e201.Ni 0.001

!/var yshear
!n101.fy		0.001
!n105.fy 	0.001
!n113.fy		0.001
!n109.fy		0.001
!n10.fy		0.001
!n1.fy		0.001
!n4.fy		0.001
!n25.fy		0.001
!n19.fy		0.001
!n16.fy		0.001
!n28.fy		0.001

!/var element15force
!n16.fy		0.001
!/var element15bending
!e15.rot		1
!/var element15shear
!e15.delta	1


!/OutFileSTADATA        "Results_lisbon.sta"
!/output 		results.txt		1	0
!pounding1	10	5
!pounding2	10	5
!yshear 	10	5
!element15force		10	5
!element15bending	10	5
!element15shear		10	5



/var period
	periodo		1
/var frequency
	frequenza	1
/var massX
	ModMass.x	1
/var massY
	ModMass.y	1
	

/OutFileSTADATA       "Output_modal.sta"	 1	0
/output LisbonModal.txt	2   2
period			9	3
frequency		9	3
massX			9	3
massY			9	3	


!-------------------------------------------------------------------------------------------------------------------------------------------------------------------------------
/fine