-0.08317
-0.2261
-0.33448
-0.29538
-0.194418
-0.141238
-0.16693
-0.159574
-0.077452
-0.00183694
0.012175
-0.0093646
-0.039168
-0.084082
-0.124642
-0.110052
-0.033378
0.049586
0.07808
0.0407
-0.021616
-0.040646
0.025166
0.12034
0.125236
0.019681
-0.053254
0.0071088
0.097996
0.08411
0.021586
0.038134
0.093492
0.07282
0.023278
0.055376
0.104816
0.0513
-0.030662
-0.00140632
0.078696
0.06606
0.0085402
0.04571
0.138818
0.140928
0.056732
0.0090134
0.03404
0.074088
0.093824
0.081886
0.045632
0.05162
0.142728
0.22206
0.1781
0.084342
0.087704
0.159004
0.14946
0.061008
0.039242
0.110504
0.137646
0.064368
-0.00126802
0.030208
0.102
0.115622
0.075588
0.067374
0.113232
0.13658
0.096202
0.05929
0.095608
0.169718
0.20698
0.196444
0.156688
0.073786
-0.025968
-0.03914
0.062278
0.145298
0.106778
0.039218
0.07836
0.189036
0.23418
0.183048
0.108516
0.046494
-0.0088854
-0.0128152
0.081412
0.2129
0.2638
0.20784
0.122756
0.07413
0.055934
0.045678
0.044658
0.056
0.061654
0.052832
0.049336
0.081392
0.156316
0.227
0.21312
0.097952
-0.0072218
0.0096058
0.101508
0.122314
0.057292
0.042212
0.121448
0.150352
0.046194
-0.052598
-0.00155302
0.132176
0.199138
0.174686
0.13169
0.099024
0.064676
0.042472
0.050922
0.070588
0.089788
0.109184
0.091526
0.015845
-0.028698
0.051262
0.163138
0.132788
-0.0151948
-0.060646
0.076022
0.20664
0.149234
0.00456
-0.026822
0.044268
0.06187
0.01929
0.03327
0.111526
0.136036
0.06807
0.010553
0.032308
0.035828
-0.083106
-0.24366
-0.25364
-0.074768
0.096336
0.065074
-0.090282
-0.13229
-0.02242
0.049014
-0.0154214
-0.081034
-0.02932
0.074722
0.116956
0.120738
0.191358
0.33484
0.39602
0.25816
0.051238
0.0138226
0.145588
0.22246
0.168762
0.111654
0.052972
-0.107918
-0.21814
-0.066326
0.091512
-0.121704
-0.43854
-0.32036
0.038046
0.0115696
-0.3244
-0.33402
0.020878
0.1556
-0.039922
-0.067068
0.178018
0.2402
-0.0050658
-0.20262
-0.25308
-0.3749
-0.55046
-0.58616
-0.5927
-0.80818
-1.08214
-1.07052
-0.85632
-0.82116
-0.97334
-0.96328
-0.68152
-0.40622
-0.39032
-0.60362
-0.79848
-0.7284
-0.40978
-0.185916
-0.31922
-0.5739
-0.52956
-0.2378
-0.123986
-0.3169
-0.5335
-0.59712
-0.6155
-0.65574
-0.65678
-0.65398
-0.77086
-0.98122
-1.10192
-0.9701
-0.55792
-0.030958
0.33966
0.50018
0.72112
1.10348
1.26228
0.91722
0.45954
0.36556
0.4108
0.085568
-0.5632
-1.14682
-1.6288
-2.1848
-2.6636
-2.8552
-2.9512
-3.228
-3.5102
-3.4956
-3.2322
-2.952
-2.7606
-2.6504
-2.4546
-1.84934
-0.91838
-0.36268
-0.52212
-0.63396
0.0150734
0.82062
0.8922
0.66696
1.06204
1.69158
1.5206
0.723
0.28078
0.25898
0.0119828
-0.40772
-0.48682
-0.34506
-0.33346
-0.22132
0.161602
0.36342
0.28974
0.62064
1.4945
2.0454
1.8915
1.71262
1.87882
1.93942
1.8452
2.0928
2.4846
2.3424
2.048
2.5694
3.5734
3.8376
3.4066
3.4806
4.1864
4.399
3.8422
3.5966
4.1038
4.3718
3.6554
2.6002
2.0536
1.85404
1.42564
0.81152
0.35838
-0.0175506
-0.5767
-1.12442
-1.3336
-1.41292
-1.7561
-2.145
-2.0578
-1.6847
-1.6686
-1.88366
-1.58354
-0.89792
-0.7991
-1.29616
-1.20606
-0.25108
0.32264
-0.027324
-0.126174
0.6853
1.2308
0.68814
0.162482
0.63818
1.18926
0.80432
0.2008
0.3622
0.8498
1.0247
1.3125
2.0146
2.3564
1.94038
1.62416
1.99682
2.4096
2.3444
2.2328
2.2904
2.0062
1.36412
1.12026
1.36742
1.25076
0.51322
-0.03514
0.0144246
0.065474
-0.25958
-0.52946
-0.49196
-0.58694
-1.0757
-1.52352
-1.48496
-1.16292
-1.1031
-1.51818
-2.081
-2.2864
-1.99192
-1.60074
-1.58836
-1.9191
-2.169
-2.1436
-1.98404
-1.7788
-1.48468
-1.13974
-0.80818
-0.41066
0.093952
0.50698
0.5878
0.40336
0.26282
0.28916
0.2736
0.0153336
-0.38082
-0.68174
-0.82078
-0.87348
-0.837
-0.60364
-0.21706
0.031584
-0.110382
-0.51816
-0.81858
-0.84306
-0.80206
-0.93498
-1.17516
-1.3615
-1.60168
-2.0488
-2.453
-2.4636
-2.2918
-2.4684
-2.9038
-2.97
-2.524
-2.147
-2.1568
-2.2216
-2.1276
-2.204
-2.552
-2.5692
-1.83442
-0.88944
-0.45116
-0.3536
-0.02453
0.3919
0.29894
-0.186426
-0.28208
0.168062
0.45328
0.21792
-0.07705
-0.11065
-0.11453
-0.139124
0.0758
0.39498
0.35732
0.086452
0.17732
0.60452
0.73122
0.51828
0.59962
1.0003
0.95692
0.3151
-0.0025488
0.5719
1.26836
1.16702
0.64674
0.68764
1.1954
1.22988
0.77516
0.9115
1.92604
2.6228
2.2166
1.62468
1.89594
2.5012
2.3542
1.65188
1.35686
1.56476
1.64446
1.57742
1.8437
2.331
2.4696
2.305
2.4098
2.8446
3.0588
2.7832
2.2832
1.8221
1.49962
1.4928
1.87312
2.3198
2.4462
2.2394
1.88988
1.4843
1.10986
0.8915
0.71746
0.36886
0.028442
0.06764
0.26612
-0.026156
-0.8499
-1.55928
-1.86048
-2.172
-2.778
-3.3466
-3.481
-3.229
-2.8844
-2.6122
-2.3462
-1.8729
-1.20136
-0.84312
-1.33628
-2.3082
-2.6572
-1.97786
-1.19332
-1.26502
-1.85518
-1.91956
-1.27616
-0.79522
-1.02848
-1.4428
-1.35468
-0.90304
-0.5421
-0.187394
0.41986
0.95476
0.9456
0.687
0.84612
1.3058
1.31152
0.7162
0.14044
-0.078044
-0.20376
-0.36236
-0.36926
-0.28176
-0.38976
-0.59582
-0.47726
0.0033988
0.37478
0.33352
0.070892
-0.114114
-0.163348
-0.20762
-0.3551
-0.49664
-0.36856
0.041338
0.34614
0.2803
0.124822
0.23052
0.3983
0.180066
-0.39134
-0.92354
-1.26318
-1.53956
-1.70086
-1.48812
-0.8369
-0.092604
0.3428
0.45928
0.60256
0.91618
1.05206
0.7345
0.31918
0.27916
0.31986
-0.178686
-1.03964
-1.38908
-0.9548
-0.43996
-0.45328
-0.71104
-0.65968
-0.34864
-0.25092
-0.42966
-0.38976
0.19219
0.9668
1.40132
1.46468
1.44278
1.33234
0.89644
0.26858
-0.136224
-0.20694
-0.20462
-0.26612
-0.33862
-0.36694
-0.31698
-0.135596
0.076144
0.163976
0.23784
0.5262
0.8302
0.68828
0.128724
-0.29848
-0.31082
-0.170844
-0.146014
-0.186202
-0.192006
-0.18102
-0.144554
-0.043144
0.082848
0.186292
0.2831
0.33444
0.2518
0.132962
0.2519
0.68382
1.11056
1.1821
0.90138
0.55364
0.30998
0.120792
-0.064504
-0.1936
-0.31328
-0.58004
-0.92886
-1.04984
-0.88018
-0.77862
-0.93096
-1.02132
-0.78018
-0.44714
-0.32676
-0.31996
-0.176036
0.120044
0.45132
0.71284
0.79528
0.7163
0.71976
0.8902
0.91686
0.6289
0.38864
0.5002
0.66404
0.51366
0.2322
0.165086
0.28988
0.45106
0.66062
0.82166
0.69918
0.34054
0.053732
-0.084848
-0.169362
-0.048368
0.40932
0.83372
0.78668
0.47838
0.35186
0.3128
0.062524
-0.20288
-0.167126
-0.0133348
0.029
0.21102
0.70234
1.01274
0.75972
0.39856
0.50774
0.83148
0.79124
0.43082
0.22036
0.27486
0.33542
0.29318
0.27214
0.31514
0.325
0.22118
-0.034258
-0.42014
-0.73892
-0.70382
-0.23774
0.38622
0.77634
0.77962
0.57944
0.41428
0.29894
0.119662
-0.088898
-0.16697
-0.123688
-0.158446
-0.33476
-0.49184
-0.54262
-0.57242
-0.5787
-0.43682
-0.20916
-0.16458
-0.38858
-0.6851
-0.95052
-1.30152
-1.72948
-2.003
-2.0212
-1.9226
-1.7542
-1.43368
-1.05194
-0.83168
-0.7382
-0.53704
-0.20716
0.025388
0.068528
0.046498
0.067736
0.147892
0.25598
0.22118
-0.112002
-0.49876
-0.5058
-0.24232
-0.26394
-0.62018
-0.72532
-0.40644
-0.2639
-0.59754
-0.8376
-0.54416
-0.134402
-0.024522
0.122652
0.68814
1.31334
1.50206
1.43744
1.61148
1.9907
2.1484
1.93346
1.61602
1.45652
1.43572
1.34302
1.09564
0.8915
0.93198
1.02092
0.8018
0.35516
0.11919
0.16783
0.11135
-0.2062
-0.467
-0.42912
-0.24124
-0.124964
-0.173774
-0.40282
-0.67284
-0.70886
-0.54542
-0.61938
-1.08282
-1.43468
-1.2893
-0.98624
-0.96784
-1.0393
-0.84406
-0.5719
-0.59332
-0.75074
-0.65734
-0.37266
-0.22734
-0.20232
-0.03687
0.23596
0.32324
0.172632
0.035084
0.111592
0.37944
0.65038
0.66714
0.39736
0.21804
0.44572
0.79628
0.7981
0.53774
0.40112
0.30708
-0.069812
-0.5357
-0.6096
-0.32046
-0.0148324
0.30276
0.68188
0.71448
0.172072
-0.27154
0.099116
0.86032
1.0818
0.82586
0.93922
1.54536
1.81174
1.29822
0.68002
0.7117
1.12602
1.03652
0.23932
-0.50952
-0.52616
-0.115612
-0.082358
-0.59052
-1.06894
-1.1993
-1.27426
-1.44468
-1.42488
-1.21618
-1.30962
-1.81066
-2.1358
-1.89902
-1.3791
-0.93986
-0.75502
-1.0145
-1.52548
-1.4458
-0.4829
0.2261
-0.23802
-0.909
-0.44146
0.58584
0.7521
0.22352
0.24374
0.80134
0.81118
0.197928
0.053518
0.68888
1.09856
0.59156
-0.128816
-0.021998
0.75578
1.0408
0.4007
-0.18342
0.137318
0.76764
0.77586
0.3906
0.36662
0.62104
0.6725
0.67354
0.9169
1.0441
0.82418
0.81656
1.35678
1.8242
1.64352
1.02728
0.3236
-0.33888
-0.63166
-0.36778
-0.160678
-0.55988
-0.89222
-0.32366
0.4489
0.172458
-0.8356
-1.157
-0.5098
0.054008
-0.09441
-0.46766
-0.5432
-0.44176
-0.46894
-0.56956
-0.49972
-0.28158
-0.32288
-0.78378
-1.02262
-0.35004
0.66496
0.72504
-0.190792
-0.66378
-0.08156
0.44192
0.070594
-0.44696
-0.36134
-0.30826
-0.87468
-1.2261
-0.55098
0.24556
-0.092284
-0.99644
-0.91798
0.20032
0.8834
0.45228
-0.160136
-0.05937
0.38844
0.44456
0.069834
-0.27226
-0.27022
0.077486
0.54896
0.883
1.04864
1.2019
1.2781
1.05038
0.70736
0.7539
1.11038
1.09052
0.5971
0.42012
0.90326
1.29388
1.01626
0.65106
0.96368
1.69674
2.075
1.97276
1.85042
1.85274
1.71988
1.45668
1.43922
1.78516
2.136
2.1994
2.085
1.88986
1.44084
0.78054
0.37312
0.36662
0.158658
-0.70902
-1.73818
-2.2196
-2.3336
-2.6842
-3.1484
-3.1122
-2.6254
-2.4582
-2.9668
-3.643
-3.8816
-3.7162
-3.592
-3.7586
-4.0414
-4.1142
-3.9
-3.5954
-3.325
-2.9792
-2.4892
-2.0068
-1.69286
-1.44206
-1.00884
-0.40618
-0.030194
-0.19039
-0.60874
-0.67434
-0.29462
-0.129634
-0.64962
-1.36466
-1.5463
-1.29156
-1.1381
-1.02598
-0.52618
0.189814
0.53338
0.5177
0.71928
1.2648
1.71978
1.88548
1.98252
2.0658
1.92572
1.53948
1.23854
1.4072
2.155
3.125
3.5988
3.2116
2.5402
2.4138
2.7014
2.5118
1.57034
0.58912
0.19515
0.16589
-0.027432
-0.48702
-0.94134
-1.18512
-1.24406
-1.2728
-1.35654
-1.39294
-1.24388
-0.9492
-0.64096
-0.35128
-0.109348
-0.100806
-0.47748
-1.09156
-1.632
-1.94066
-2.0138
-1.85322
-1.49068
-1.0646
-0.67486
-0.27086
0.2123
0.6759
0.9776
1.15512
1.41034
1.83874
2.2562
2.3936
2.2804
2.2194
2.2978
2.1986
1.70098
1.10294
0.81742
0.77366
0.58508
0.24662
0.15431
0.47082
0.87484
1.10618
1.2722
1.43588
1.32374
0.80974
0.32144
0.31616
0.64132
0.86626
0.95718
1.03896
0.8139
-0.0169518
-0.997
-1.3687
-1.15652
-0.96324
-0.93522
-0.7682
-0.5377
-0.55736
-0.63118
-0.33274
0.132448
0.20182
-0.080302
-0.162718
0.065876
0.21636
0.141228
0.073138
0.124084
0.18472
0.22398
0.3131
0.4435
0.53044
0.53992
0.4992
0.46264
0.52554
0.71114
0.88922
0.88116
0.67324
0.40942
0.24176
0.179832
0.09871
-0.098944
-0.33268
-0.45462
-0.4948
-0.63878
-0.90146
-1.0345
-0.84802
-0.47338
-0.189544
-0.112334
-0.132128
-0.096822
0.03191
0.183126
0.29468
0.39058
0.54284
0.7566
0.92796
0.9381
0.79672
0.66418
0.64988
0.63382
0.40034
-0.0153924
-0.34548
-0.4769
-0.6169
-0.88884
-1.06912
-0.91834
-0.57872
-0.37308
-0.39666
-0.5264
-0.6398
-0.63986
-0.4204
-0.082756
0.05963
-0.103772
-0.25656
-0.109618
0.165756
0.26062
0.22974
0.34384
0.55244
0.52026
0.146196
-0.23548
-0.2743
-0.032636
0.1221
0.0141154
-0.136648
-0.100854
-0.021292
-0.151698
-0.36402
-0.31608
-0.04886
0.047422
-0.101292
-0.146904
0.032208
0.112588
-0.080346
-0.26338
-0.182184
-0.0027236
-0.01501
-0.27002
-0.62838
-0.9552
-1.14514
-1.15314
-1.00662
-0.73868
-0.34776
0.100474
0.4986
0.84222
1.17872
1.41354
1.41304
1.26284
1.1659
1.10392
0.91916
0.68
0.62034
0.68796
0.55616
0.133796
-0.27392
-0.46114
-0.6523
-1.1249
-1.70996
-1.98256
-1.8507
-1.61512
-1.45074
-1.18296
-0.69858
-0.23554
-0.038826
0.054328
0.35704
0.80994
1.04128
0.9218
0.6934
0.53848
0.33466
-0.070218
-0.58934
-1.00982
-1.20724
-1.16538
-0.93532
-0.6754
-0.60082
-0.74148
-0.8398
-0.61246
-0.08419
0.4414
0.74122
0.88842
1.05864
1.22324
1.22632
1.08328
0.96486
0.88802
0.71824
0.48108
0.3459
0.30316
0.1992
0.09456
0.186374
0.39178
0.42618
0.28864
0.24576
0.34414
0.38428
0.32358
0.31002
0.34822
0.27946
0.022914
-0.39514
-0.90156
-1.3013
-1.3859
-1.2638
-1.27058
-1.47348
-1.60348
-1.52958
-1.36934
-1.1356
-0.70406
-0.185824
0.131144
0.25516
0.46468
0.77434
0.89058
0.73304
0.56228
0.523
0.47092
0.29824
0.1097
-0.03666
-0.24152
-0.51688
-0.698
-0.70222
-0.63982
-0.58816
-0.52198
-0.47406
-0.5506
-0.72436
-0.8336
-0.81514
-0.7709
-0.76134
-0.70954
-0.55534
-0.3553
-0.19129
-0.106264
-0.114298
-0.176966
-0.19567
-0.116196
0.0077112
0.104906
0.170952
0.21898
0.20098
0.040036
-0.24178
-0.47652
-0.5003
-0.37932
-0.3482
-0.47588
-0.53466
-0.34786
-0.092516
-0.0192388
-0.040234
0.10869
0.3997
0.55816
0.48694
0.36778
0.34912
0.3812
0.3501
0.24676
0.17256
0.25914
0.50408
0.71032
0.69146
0.54022
0.47108
0.47572
0.37274
0.171786
0.068478
0.084556
0.034412
-0.096928
-0.088104
0.10902
0.2282
0.09976
-0.087454
-0.101894
0.012494
0.116704
0.24304
0.47222
0.7189
0.8472
0.86112
0.8337
0.76534
0.64554
0.52782
0.44156
0.35004
0.26588
0.26412
0.32998
0.36434
0.36208
0.40554
0.47402
0.46418
0.39016
0.37746
0.4578
0.53604
0.5387
0.46416
0.3305
0.174608
0.029056
-0.153206
-0.42418
-0.675
-0.72764
-0.61258
-0.55258
-0.64366
-0.7509
-0.76058
-0.71896
-0.67934
-0.5933
-0.43772
-0.28518
-0.20826
-0.194614
-0.21988
-0.30618
-0.4377
-0.47706
-0.3097
-0.052272
0.0659
0.030456
0.063286
0.26454
0.47028
0.55714
0.63308
0.77558
0.82838
0.67846
0.48386
0.43118
0.44138
0.34544
0.162914
0.026264
-0.065134
-0.20202
-0.36346
-0.43402
-0.39378
-0.33088
-0.28536
-0.22814
-0.197484
-0.3002
-0.52146
-0.67374
-0.62382
-0.4583
-0.32786
-0.25028
-0.18374
-0.151278
-0.157914
-0.105138
0.056402
0.2158
0.26464
0.26912
0.33768
0.43286
0.45352
0.41256
0.38136
0.34316
0.23858
0.100388
0.026508
0.047188
0.103386
0.144282
0.186082
0.26564
0.37006
0.43008
0.39642
0.31358
0.27346
0.28864
0.27882
0.20292
0.121038
0.089952
0.078692
0.041986
0.00047164
-0.020584
-0.06355
-0.169752
-0.2866
-0.3287
-0.28706
-0.21522
-0.139496
-0.052236
0.030656
0.066808
0.036562
-0.04431
-0.159282
-0.2791
-0.33352
-0.25758
-0.100684
-0.0111572
-0.077874
-0.22742
-0.3384
-0.39398
-0.45116
-0.50426
-0.48754
-0.38616
-0.25672
-0.140736
-0.032398
0.090626
0.23614
0.37418
0.4249
0.34368
0.2197
0.18724
0.23512
0.22368
0.101604
-0.053204
-0.192086
-0.33362
-0.43682
-0.41782
-0.29278
-0.15788
-0.043204
0.083922
0.195554
0.22526
0.172576
0.08674
-0.0179428
-0.119304
-0.14858
-0.071558
0.045398
0.12168
0.137226
0.118978
0.116764
0.18502
0.32624
0.48396
0.62442
0.75584
0.84582
0.837
0.75796
0.68504
0.58456
0.38992
0.196312
0.15806
0.20798
0.152
0.0060228
-0.041238
0.027164
0.034598
-0.069534
-0.144868
-0.119336
-0.085928
-0.123192
-0.19986
-0.2576
-0.26416
-0.20354
-0.105914
-0.046624
-0.07656
-0.17695
-0.30102
-0.39316
-0.41996
-0.4122
-0.42412
-0.41382
-0.30282
-0.153484
-0.123278
-0.20714
-0.22054
-0.099524
-0.0154748
-0.093294
-0.196766
-0.12949
0.076312
0.21158
0.160686
0.020758
-0.053984
-0.02031
0.062958
0.16332
0.2933
0.43178
0.5091
0.50104
0.44814
0.37516
0.26818
0.145562
0.053862
-0.0005814
-0.049158
-0.092738
-0.118462
-0.154142
-0.23176
-0.30856
-0.31964
-0.29042
-0.3032
-0.35756
-0.36902
-0.30672
-0.2367
-0.21484
-0.22056
-0.21764
-0.20834
-0.195874
-0.154808
-0.079962
-0.023582
-0.042424
-0.134216
-0.24316
-0.3223
-0.36926
-0.395
-0.36852
-0.2477
-0.072464
0.04257
0.056488
0.062494
0.13684
0.2101
0.196974
0.147306
0.155426
0.20736
0.24724
0.28162
0.31248
0.2806
0.18238
0.119622
0.13768
0.1439
0.073694
0.004302
-0.0073834
-0.044766
-0.169294
-0.26932
-0.22372
-0.103586
-0.067574
-0.125284
-0.139176
-0.033386
0.107184
0.17598
0.181236
0.20374
0.24802
0.25748
0.2347
0.26506
0.35464
0.3785
0.24502
0.059448
-0.0109676
0.031226
0.030162
-0.066016
-0.134266
-0.075228
0.043304
0.104518
0.09262
0.069662
0.06908
0.078228
0.089434
0.107208
0.13031
0.16394
0.22028
0.2835
0.3116
0.28066
0.20706
0.119812
0.039656
-0.0178412
-0.036758
-0.0189536
0.0033812
-0.018682
-0.10546
-0.20852
-0.25328
-0.23488
-0.23186
-0.28958
-0.35366
-0.34868
-0.27966
-0.197814
-0.121224
-0.053682
-0.037262
-0.100978
-0.18316
-0.191142
-0.125302
-0.077272
-0.092124
-0.112828
-0.092436
-0.090248
-0.17591
-0.2987
-0.34704
-0.3136
-0.30026
-0.34824
-0.36914
-0.28086
-0.124644
-0.0027866
0.033462
0.0111898
0.0029136
0.053506
0.115436
0.088886
-0.029568
-0.113796
-0.08089
-0.024134
-0.07145
-0.187398
-0.22924
-0.15106
-0.04844
-0.024932
-0.082464
-0.138002
-0.110898
-0.008293
0.078082
0.066264
-0.022514
-0.098492
-0.113596
-0.112566
-0.161482
-0.25596
-0.32416
-0.32222
-0.2907
-0.2898
-0.31396
-0.32468
-0.32824
-0.34154
-0.32286
-0.23848
-0.15624
-0.16039
-0.21528
-0.21584
-0.14356
-0.067638
-0.02621
0.0125956
0.081592
0.184496
0.29974
0.3733
0.34698
0.2475
0.176292
0.179046
0.190744
0.162526
0.148448
0.2026
0.2743
0.29886
0.2998
0.3197
0.31918
0.25708
0.183356
0.16484
0.164218
0.111778
0.019654
-0.058348
-0.12029
-0.175454
-0.190224
-0.13519
-0.038276
0.05494
0.125212
0.168802
0.188178
0.1972
0.19794
0.166572
0.110126
0.074542
0.06854
0.039702
-0.03586
-0.124098
-0.184152
-0.195416
-0.14336
-0.041692
0.058982
0.118008
0.131996
0.102444
0.032868
-0.040584
-0.081876
-0.111874
-0.155534
-0.184048
-0.181542
-0.20158
-0.25196
-0.2403
-0.119866
0.0189572
0.096762
0.143002
0.179212
0.166326
0.128604
0.170146
0.28174
0.32354
0.25178
0.193166
0.20852
0.18749
0.073888
-0.0027164
0.065718
0.186264
0.22698
0.21162
0.23804
0.30194
0.32626
0.29144
0.23218
0.157984
0.077398
0.040718
0.076504
0.122724
0.099868
0.008452
-0.08764
-0.138222
-0.138186
-0.110112
-0.081118
-0.048852
0.0113582
0.090886
0.122604
0.062606
-0.03837
-0.094254
-0.08626
-0.06084
-0.050014
-0.038104
0.0088344
0.098392
0.19581
0.25384
0.27148
0.2926
0.33104
0.34886
0.32724
0.29828
0.27482
0.23406
0.1918
0.20796
0.27482
0.2969
0.23134
0.1498
0.112288
0.072956
-0.0251
-0.1507
-0.24538
-0.31382
-0.39138
-0.464
-0.48636
-0.44628
-0.37888
-0.31972
-0.26896
-0.189448
-0.060576
0.066626
0.10668
0.052472
-0.0027288
0.0162544
0.07832
0.09957
0.048488
-0.02178
-0.027312
0.0582
0.165344
0.20196
0.168504
0.14992
0.179616
0.184338
0.122834
0.074932
0.126738
0.24424
0.33154
0.34138
0.2923
0.2293
0.185492
0.154814
0.099522
0.0165322
-0.04781
-0.07629
-0.108494
-0.143656
-0.118514
-0.030136
0.026884
0.0087684
-0.012215
0.013811
0.023598
-0.035366
-0.115708
-0.1613
-0.193392
-0.25028
-0.31346
-0.33128
-0.28222
-0.20296
-0.161638
-0.180806
-0.197492
-0.141022
-0.048464
-0.0181394
-0.062884
-0.093094
-0.063176
-0.028852
-0.033502
-0.03159
0.023394
0.08726
0.074098
-0.033394
-0.1722
-0.2824
-0.35562
-0.3919
-0.3771
-0.31862
-0.2527
-0.196434
-0.14285
-0.09789
-0.075174
-0.061132
-0.036508
-0.0190408
-0.032906
-0.057568
-0.05544
-0.023712
0.027916
0.09216
0.12902
0.094988
0.030544
0.0088326
0.004936
-0.049668
-0.10898
-0.076712
0.0028354
0.0121952
-0.0189498
0.025014
0.110292
0.12032
0.102172
0.193782
0.34906
0.3946
0.31958
0.27238
0.29646
0.30198
0.26796
0.2574
0.26384
0.23014
0.18695
0.20648
0.24872
0.199746
0.05519
-0.053948
-0.039334
0.032388
0.046312
-0.0024558
-0.024524
0.0089326
0.019212
-0.042908
-0.10391
-0.085076
-0.036406
-0.058694
-0.15125
-0.23632
-0.28208
-0.30788
-0.30068
-0.23282
-0.143496
-0.120948
-0.185056
-0.25876
-0.2663
-0.21742
-0.178204
-0.194528
-0.25616
-0.31762
-0.33858
-0.31152
-0.26006
-0.20998
-0.166124
-0.121716
-0.07463
-0.020296
0.048452
0.113798
0.145786
0.16142
0.21914
0.31192
0.34416
0.26508
0.161536
0.128742
0.129236
0.064988
-0.048918
-0.108056
-0.075714
-0.025452
-0.0152818
-0.0161818
0.024384
0.102566
0.16272
0.158122
0.09399
0.0172772
-0.042978
-0.09907
-0.160528
-0.194284
-0.17352
-0.13756
-0.14951
-0.21056
-0.26274
-0.26536
-0.21792
-0.140436
-0.075088
-0.077986
-0.14972
-0.21092
-0.20072
-0.155334
-0.135996
-0.130504
-0.097468
-0.055012
-0.048352
-0.071992
-0.085234
-0.067668
-0.020316
0.041764
0.079148
0.06111
0.019664
0.0143726
0.040236
0.049354
0.04822
0.079086
0.120696
0.119396
0.090154
0.09645
0.149196
0.20974
0.2577
0.28906
0.27904
0.22406
0.172664
0.15926
0.157588
0.14913
0.154542
0.166828
0.135706
0.060932
0.0167256
0.042736
0.094056
0.123954
0.133086
0.11095
0.03934
-0.032424
-0.023938
0.042216
0.056748
-0.0093794
-0.069344
-0.07016
-0.061104
-0.089148
-0.131366
-0.158746
-0.180052
-0.20744
-0.24314
-0.29446
-0.35138
-0.37262
-0.339
-0.2793
-0.21414
-0.132394
-0.054568
-0.02966
-0.054456
-0.077214
-0.10058
-0.166992
-0.2481
-0.25564
-0.191718
-0.172186
-0.24742
-0.31438
-0.27134
-0.169622
-0.126004
-0.152968
-0.170916
-0.148856
-0.1477
-0.195176
-0.23114
-0.20534
-0.160386
-0.146212
-0.134012
-0.07465
0.010995
0.073062
0.116516
0.175336
0.2386
0.26904
0.2645
0.24762
0.22316
0.186176
0.141718
0.09041
0.02854
-0.024686
-0.03889
-0.015186
0.021278
0.062174
0.108056
0.14851
0.184428
0.22444
0.23626
0.17846
0.099106
0.100778
0.178624
0.21558
0.170106
0.130408
0.141544
0.138304
0.093216
0.077746
0.122762
0.169488
0.186918
0.21682
0.2575
0.25862
0.2193
0.194964
0.181086
0.1343
0.0666
0.041326
0.074924
0.13406
0.19651
0.25762
0.2979
0.2964
0.26118
0.21936
0.192334
0.18578
0.186854
0.180556
0.178718
0.20408
0.23434
0.2175
0.162554
0.149288
0.21458
0.28654
0.2797
0.21032
0.165062
0.17733
0.199248
0.190528
0.174052
0.181358
0.192848
0.178992
0.159784
0.164064
0.162008
0.113236
0.045076
0.0064286
-0.023264
-0.087812
-0.150662
-0.142234
-0.101318
-0.138572
-0.25182
-0.30886
-0.25168
-0.182754
-0.194938
-0.23714
-0.21744
-0.146428
-0.092602
-0.071606
-0.050158
-0.02062
-0.0031204
-0.003155
-0.0086778
-0.0142416
-0.025602
-0.05298
-0.104978
-0.164354
-0.184998
-0.139138
-0.062764
-0.0121424
0.007126
0.038708
0.098962
0.147762
0.143954
0.108222
0.092532
0.097876
0.06528
-0.023138
-0.098658
-0.108706
-0.10876
-0.165472
-0.22992
-0.20536
-0.113824
-0.076152
-0.12496
-0.157084
-0.103772
-0.03735
-0.04929
-0.113122
-0.136834
-0.098266
-0.062252
-0.080352
-0.127928
-0.148924
-0.123308
-0.072202
-0.020796
0.0204
0.05459
0.089948
0.12445
0.141164
0.136298
0.138772
0.177724
0.23738
0.27098
0.25296
0.196124
0.12589
0.069382
0.057674
0.097284
0.140646
0.123794
0.04211
-0.040174
-0.070592
-0.07365
-0.108436
-0.180266
-0.23904
-0.2622
-0.28206
-0.31468
-0.32586
-0.2967
-0.25954
-0.23692
-0.21188
-0.183682
-0.189532
-0.23298
-0.25774
-0.2249
-0.166338
-0.12672
-0.107248
-0.087806
-0.067096
-0.058058
-0.06569
-0.079068
-0.083102
-0.07388
-0.06202
-0.052024
-0.032882
0.0040832
0.045756
0.075802
0.094356
0.110486
0.122608
0.120034
0.0991
0.073008
0.060954
0.057764
0.034052
-0.0122106
-0.027428
0.024468
0.090172
0.093682
0.052102
0.04897
0.096408
0.120034
0.085622
0.047286
0.041254
0.029504
-0.0145386
-0.051156
-0.053236
-0.058592
-0.08774
-0.090182
-0.04662
-0.03533
-0.117474
-0.22222
-0.2406
-0.176778
-0.122746
-0.115332
-0.104286
-0.049022
0.0177552
0.03569
-0.0112054
-0.067322
-0.067068
-0.014046
0.016964
-0.0173332
-0.082656
-0.129736
-0.155548
-0.179592
-0.21024
-0.24912
-0.28674
-0.29662
-0.26528
-0.218
-0.179
-0.140698
-0.10032
-0.07963
-0.076206
-0.055826
-0.023428
-0.029286
-0.076508
-0.100784
-0.069222
-0.021096
0.0091132
0.033156
0.065636
0.102216
0.146028
0.19337
0.21148
0.180198
0.136834
0.123954
0.131594
0.126122
0.102262
0.074152
0.054404
0.05083
0.051548
0.026498
-0.0176142
-0.025972
0.0160164
0.038738
0.0035154
-0.02412
0.0099808
0.041422
0.00155994
-0.064318
-0.083752
-0.075754
-0.090722
-0.113416
-0.107646
-0.088618
-0.080832
-0.05882
0.00127582
0.070228
0.111548
0.13014
0.136504
0.119
0.07657
0.03787
0.024148
0.02963
0.04955
0.089996
0.140026
0.175846
0.198974
0.23
0.2583
0.24776
0.195062
0.136346
0.088518
0.033446
-0.026
-0.0497
-0.0150626
0.048668
0.104656
0.137006
0.142738
0.124884
0.099274
0.073654
0.038514
-0.0092508
-0.054336
-0.094202
-0.148184
-0.21248
-0.24492
-0.22282
-0.178544
-0.146328
-0.114418
-0.067394
-0.03983
-0.06442
-0.094024
-0.056176
0.025978
0.056224
0.02146
0.0106536
0.054158
0.06389
0.0046296
-0.026518
0.034644
0.099778
0.086564
0.053654
0.080634
0.11855
0.09669
0.058866
0.084534
0.15097
0.18716
0.19363
0.2204
0.26792
0.286
0.25398
0.20974
0.198344
0.21858
0.22708
0.193928
0.1343
0.07642
0.023918
-0.027936
-0.064772
-0.075522
-0.083544
-0.124476
-0.20354
-0.28708
-0.3322
-0.32016
-0.27996
-0.25888
-0.26372
-0.25024
-0.191964
-0.119714
-0.0693
-0.03543
-0.002375
0.031172
0.077326
0.145878
0.20578
0.22704
0.24354
0.29422
0.33264
0.28878
0.20004
0.155346
0.15264
0.129742
0.110132
0.149678
0.2059
0.190372
0.126516
0.108278
0.146678
0.164994
0.125162
0.060668
0.0112678
-0.0074288
-0.0076354
-0.026304
-0.086468
-0.15488
-0.191764
-0.21062
-0.24248
-0.26706
-0.24252
-0.170308
-0.089966
-0.042858
-0.056112
-0.108784
-0.130364
-0.092432
-0.063376
-0.096732
-0.134012
-0.101488
-0.041988
-0.044876
-0.100178
-0.121942
-0.08521
-0.035102
0.0088568
0.070028
0.135704
0.147292
0.082792
0.007703
-0.0023414
0.046676
0.092006
0.115108
0.150246
0.19659
0.20108
0.144308
0.076748
0.037608
0.0083334
-0.02944
-0.052734
-0.047096
-0.043308
-0.06638
-0.093662
-0.088208
-0.04653
0.0049228
0.03415
0.02491
-0.00165402
0.00187238
0.046532
0.074672
0.02993
-0.04946
-0.071604
-0.022066
0.0140916
-0.0090158
-0.034378
-0.006089
0.039284
0.049656
0.042892
0.063672
0.110184
0.161382
0.21848
0.26964
0.26848
0.20604
0.149466
0.155424
0.190574
0.187636
0.134672
0.078368
0.065456
0.102012
0.148934
0.151864
0.089028
-0.0057538
-0.08763
-0.15542
-0.23416
-0.31752
-0.37412
-0.39694
-0.39942
-0.37798
-0.32478
-0.2654
-0.22892
-0.198746
-0.143844
-0.088166
-0.08361
-0.12449
-0.146804
-0.113958
-0.04862
0.0045498
0.0129154
-0.030396
-0.085934
-0.09775
-0.058348
-0.009311
0.032608
0.088342
0.155694
0.20518
0.24142
0.30024
0.3775
0.4344
0.46552
0.498
0.52954
0.53608
0.5202
0.49938
0.46774
0.4251
0.40338
0.40918
0.38504
0.29674
0.199924
0.15175
0.1117
0.01001
-0.131098
-0.23546
-0.29852
-0.3836
-0.50232
-0.59928
-0.6496
-0.68734
-0.72884
-0.7441
-0.71894
-0.68538
-0.66698
-0.64658
-0.60676
-0.55926
-0.5148
-0.467
-0.4201
-0.3963
-0.39254
-0.36624
-0.2923
-0.20564
-0.161054
-0.163762
-0.168686
-0.142776
-0.115008
-0.135388
-0.20324
-0.2569
-0.24682
-0.191798
-0.152892
-0.156994
-0.170868
-0.145888
-0.075818
-0.00026482
0.0484
0.09355
0.177238
0.2847
0.35564
0.38054
0.42312
0.5073
0.56354
0.54078
0.50308
0.53016
0.59988
0.6413
0.64906
0.65784
0.64996
0.57808
0.4637
0.3942
0.41738
0.49462
0.55476
0.5597
0.5104
0.4199
0.3022
0.17971
0.08069
0.013925
-0.042208
-0.117548
-0.21306
-0.30646
-0.37872
-0.41206
-0.3807
-0.292
-0.21582
-0.22518
-0.31342
-0.42362
-0.53774
-0.67634
-0.81072
-0.86782
-0.82688
-0.7424
-0.65424
-0.56208
-0.49008
-0.48368
-0.51812
-0.50592
-0.4197
-0.32214
-0.25746
-0.197768
-0.114604
-0.020498
0.079606
0.199904
0.32102
0.4005
0.44354
0.48968
0.53236
0.53782
0.52746
0.55662
0.60952
0.61046
0.53474
0.42754
0.30846
0.148724
-0.040788
-0.172874
-0.17471
-0.076652
0.0183698
0.042966
0.0116894
-0.028838
-0.065212
-0.098328
-0.09805
-0.037042
0.033904
0.028288
-0.046248
-0.081066
-0.0086472
0.121254
0.2298
0.28578
0.28722
0.23696
0.164244
0.104656
0.064626
0.034916
0.02075
0.0148824
-0.0188192
-0.09962
-0.20032
-0.30208
-0.41802
-0.5338
-0.5878
-0.55558
-0.47942
-0.39504
-0.3005
-0.21282
-0.169694
-0.160992
-0.137872
-0.10254
-0.10728
-0.15216
-0.167104
-0.112852
-0.026176
0.043464
0.084848
0.106428
0.125956
0.168068
0.23766
0.30288
0.34194
0.36012
0.35128
0.29836
0.2332
0.21902
0.2624
0.30894
0.32914
0.33832
0.3367
0.3099
0.2848
0.29886
0.32126
0.28784
0.194842
0.080792
-0.05072
-0.20388
-0.32404
-0.34496
-0.2842
-0.21816
-0.18231
-0.154226
-0.116566
-0.087116
-0.09154
-0.129944
-0.169334
-0.165656
-0.102076
-0.0115146
0.05354
0.072178
0.064044
0.05584
0.0655
0.089822
0.095728
0.057256
0.00165654
-0.021036
0.0029188
0.050406
0.100818
0.14404
0.165518
0.152606
0.109396
0.039236
-0.060782
-0.160234
-0.20362
-0.193914
-0.19746
-0.23942
-0.26732
-0.2552
-0.25092
-0.28798
-0.32134
-0.30596
-0.26704
-0.24352
-0.21568
-0.14773
-0.054136
0.022704
0.073506
0.11769
0.166786
0.21562
0.25514
0.27522
0.26864
0.2411
0.20698
0.175016
0.147752
0.130878
0.125564
0.12167
0.117734
0.131084
0.173634
0.2315
0.28664
0.33708
0.38744
0.42704
0.43464
0.39594
0.31746
0.2287
0.160912
0.118216
0.080232
0.03537
-0.0085294
-0.04317
-0.059574
-0.043844
-0.00094948
0.026224
0.0182564
0.0195144
0.068504
0.117964
0.099384
0.031166
-0.0065444
0.0102352
0.035666
0.051566
0.095396
0.172452
0.21626
0.178026
0.101128
0.061862
0.070278
0.080042
0.06635
0.043434
0.023448
0.0078994
0.011312
0.050056
0.106672
0.139282
0.125394
0.08546
0.055846
0.047042
0.030762
-0.0141146
-0.05548
-0.042734
0.0097862
0.02979
-0.00194734
-0.0173366
0.034232
0.11547
0.16563
0.170888
0.150954
0.120822
0.08394
0.035412
-0.034922
-0.117624
-0.177124
-0.195228
-0.20196
-0.22034
-0.2262
-0.191362
-0.138696
-0.112142
-0.120016
-0.131212
-0.120988
-0.095082
-0.070062
-0.049066
-0.02358
0.009399
0.04254
0.066624
0.07691
0.070744
0.04881
0.0182558
-0.0124212
-0.036494
-0.042924
-0.02315
0.0094862
0.02997
0.034436
0.0331
0.0173694
-0.025278
-0.075096
-0.101014
-0.112696
-0.131414
-0.137012
-0.106632
-0.08667
-0.132266
-0.199054
-0.199348
-0.146
-0.141168
-0.20498
-0.24224
-0.2017
-0.170026
-0.23132
-0.32686
-0.33788
-0.25522
-0.182438
-0.178988
-0.19461
-0.16442
-0.113132
-0.09995
-0.126684
-0.14785
-0.152596
-0.165972
-0.188626
-0.188492
-0.158972
-0.140208
-0.16261
-0.20754
-0.23656
-0.24026
-0.23904
-0.24732
-0.2457
-0.20628
-0.142852
-0.108716
-0.121812
-0.133228
-0.102452
-0.062636
-0.061432
-0.086846
-0.10218
-0.113038
-0.14129
-0.170182
-0.173234
-0.168262
-0.183092
-0.196224
-0.166306
-0.095104
-0.016064
0.051184
0.097488
0.101796
0.051446
-0.028994
-0.092062
-0.114684
-0.106434
-0.084124
-0.047342
-1.22552E-05
0.036416
0.035896
0.0053462
-0.016285
0.000064194
0.040184
0.069568
0.073574
0.058472
0.030184
-0.0101174
-0.051036
-0.074588
-0.072774
-0.050932
-0.0179052
0.0136008
0.031406
0.042502
0.070928
0.121732
0.171886
0.21168
0.25982
0.3104
0.31854
0.2694
0.20944
0.16726
0.113978
0.041604
0.0076188
0.03441
0.050144
0.00066598
-0.049896
-0.025964
0.033198
0.048008
0.040328
0.08978
0.182512
0.21844
0.155602
0.06592
0.021766
0.0152526
0.0043398
-0.0076322
0.0061366
0.043976
0.08286
0.118844
0.157288
0.182412
0.173092
0.138688
0.103724
0.066598
0.0148298
-0.02937
-0.027754
0.0158196
0.060814
0.08747
0.102868
0.103298
0.082436
0.06747
0.092158
0.140406
0.172508
0.195548
0.24246
0.289
0.27554
0.20962
0.159078
0.139452
0.101546
0.041284
0.022382
0.064234
0.098616
0.073714
0.022324
-0.0066586
-0.0128392
-0.0152156
-0.0094662
0.0167796
0.0583
0.09328
0.101142
0.083872
0.074196
0.09971
0.141912
0.165366
0.174858
0.193714
0.20654
0.18141
0.137244
0.125392
0.15636
0.195942
0.22338
0.2429
0.2538
0.25212
0.24774
0.24632
0.23094
0.190464
0.147906
0.130868
0.131132
0.121238
0.095966
0.071226
0.053014
0.034598
0.0162536
0.004871
-0.0051246
-0.026768
-0.059392
-0.091484
-0.120824
-0.150284
-0.17093
-0.172188
-0.16662
-0.17727
-0.20386
-0.22458
-0.23114
-0.23174
-0.22878
-0.21948
-0.21236
-0.21754
-0.22888
-0.23184
-0.2212
-0.19795
-0.162378
-0.12208
-0.089588
-0.060344
-0.0153942
0.042794
0.085134
0.0984
0.103338
0.114426
0.116632
0.096292
0.06715
0.045968
0.030704
0.0131448
-0.004829
-0.020008
-0.032994
-0.03935
-0.034434
-0.028128
-0.037122
-0.061862
-0.091398
-0.120682
-0.150804
-0.177472
-0.195406
-0.20464
-0.20726
-0.20114
-0.182278
-0.151516
-0.11606
-0.088006
-0.072574
-0.062416
-0.04543
-0.021528
0.00065068
0.009999
-0.0024996
-0.034676
-0.063948
-0.07194
-0.076608
-0.105746
-0.140768
-0.13343
-0.083868
-0.044528
-0.040736
-0.04355
-0.028966
-0.0109466
-0.007021
-0.0187716
-0.04748
-0.085644
-0.101482
-0.073542
-0.03597
-0.039404
-0.081188
-0.1168
-0.131688
-0.144356
-0.151208
-0.124862
-0.070752
-0.032788
-0.035282
-0.057892
-0.080528
-0.112412
-0.157568
-0.185654
-0.169156
-0.125562
-0.093412
-0.08081
-0.06235
-0.020398
0.036062
0.083588
0.10173
0.081322
0.03867
0.0046494
-0.0118832
-0.033862
-0.066202
-0.070746
-0.02576
0.023036
0.0192084
-0.0170032
-0.0169528
0.032624
0.076472
0.086354
0.097736
0.137954
0.174938
0.166404
0.125394
0.106684
0.13654
0.186308
0.2162
0.21782
0.20454
0.183168
0.151544
0.122466
0.11609
0.129326
0.1329
0.112106
0.075884
0.038248
0.0052612
-0.020092
-0.04405
-0.07884
-0.123038
-0.156402
-0.170602
-0.183444
-0.20406
-0.20868
-0.17714
-0.126232
-0.084034
-0.055558
-0.031912
-0.0123252
0.0038198
0.026052
0.054952
0.068792
0.056338
0.046596
0.073014
0.118536
0.130434
0.098606
0.074356
0.098976
0.142934
0.153176
0.12325
0.089428
0.071824
0.058068
0.033278
0.00070464
-0.029602
-0.05097
-0.058842
-0.05594
-0.055216
-0.06317
-0.064836
-0.043224
-0.0090436
0.0134994
0.025554
0.04459
0.05563
0.025286
-0.02844
-0.041332
0.00136994
0.035638
0.0145106
-0.030314
-0.051636
-0.052326
-0.04855
-0.030936
-0.00024526
0.0175796
0.0198732
0.041338
0.089402
0.125658
0.124284
0.11101
0.115906
0.129826
0.126866
0.11134
0.109132
0.121314
0.112148
0.061294
0.0048834
-0.0037882
0.031154
0.055748
0.042278
0.0100168
-0.024478
-0.058378
-0.071102
-0.044702
-0.0087356
-0.00048722
-0.00043076
0.032894
0.077196
0.075972
0.033164
0.010041
0.027312
0.042978
0.02408
-0.018569
-0.060044
-0.082594
-0.078876
-0.071758
-0.101636
-0.163506
-0.197972
-0.17407
-0.135784
-0.124476
-0.11555
-0.08036
-0.049528
-0.051098
-0.045004
0.0086996
0.06812
0.065724
0.0105778
-0.030012
-0.027048
-0.0088998
-0.0013223
0.007689
0.038036
0.081988
0.104276
0.09013
0.074178
0.101556
0.156296
0.178956
0.148478
0.102846
0.068878
0.0402
0.021822
0.036158
0.071958
0.091994
0.090006
0.091392
0.095408
0.073412
0.02521
-0.012549
-0.018711
-0.008448
-0.00113862
-0.002413
-0.0154976
-0.040046
-0.057688
-0.043942
-0.0021704
0.029726
0.021354
-0.0117036
-0.027894
-0.014343
0.006136
0.0192278
0.035348
0.053018
0.045432
0.0075454
-0.026354
-0.037182
-0.054876
-0.094954
-0.116236
-0.082858
-0.025664
0.009102
0.024466
0.039904
0.040472
0.0086414
-0.025472
-0.027736
-0.0173092
-0.031418
-0.059168
-0.069576
-0.063298
-0.062142
-0.066162
-0.05578
-0.0157606
0.046804
0.099004
0.101828
0.054742
0.0096486
0.0122994
0.05188
0.087202
0.098516
0.08743
0.059726
0.03201
0.030528
0.05802
0.081476
0.068164
0.02488
-0.0105452
-0.0164282
-0.0179338
-0.047538
-0.08544
-0.085502
-0.0591
-0.064582
-0.099804
-0.094914
-0.041486
-0.026756
-0.093
-0.159988
-0.153878
-0.11613
-0.12421
-0.162208
-0.158308
-0.093092
-0.025744
-0.0173264
-0.0633
-0.096928
-0.070604
-0.0127444
0.023646
0.034704
0.046878
0.050078
0.0192376
-0.0170374
-0.002335
0.051284
0.07168
0.034056
-0.0097946
-0.0159676
0.0033616
0.025752
0.055712
0.094092
0.11476
0.096626
0.052966
0.0105936
-0.020366
-0.04308
-0.056848
-0.053734
-0.026726
0.0165786
0.047382
0.04198
0.01358
-0.0082544
-0.02683
-0.062808
-0.099274
-0.094488
-0.056092
-0.039484
-0.069932
-0.11615
-0.148806
-0.163336
-0.157018
-0.125076
-0.080942
-0.041502
-0.0135622
-0.0062022
-0.026442
-0.05267
-0.05357
-0.036072
-0.025518
-0.014402
0.0163796
0.051628
0.068324
0.082846
0.114776
0.139532
0.126422
0.097054
0.090226
0.09758
0.080918
0.035662
0.00125972
0.01283
0.056366
0.077746
0.046192
-0.00047254
-0.0074658
0.0110258
-0.004998
-0.05657
-0.080878
-0.06195
-0.059648
-0.10519
-0.153124
-0.170996
-0.188354
-0.21662
-0.2117
-0.157036
-0.109146
-0.105778
-0.107828
-0.067182
0.00160342
0.057196
0.084542
0.092276
0.09992
0.129762
0.172372
0.174496
0.117158
0.06834
0.096098
0.167122
0.20804
0.21568
0.23332
0.25228
0.2278
0.166728
0.122312
0.111402
0.105466
0.089652
0.071458
0.04572
0.003095
-0.035814
-0.041068
-0.02239
-0.0153134
-0.027346
-0.039752
-0.053446
-0.08496
-0.118282
-0.113134
-0.069492
-0.03803
-0.048404
-0.075954
-0.094564
-0.114998
-0.147442
-0.1713
-0.16793
-0.144402
-0.110536
-0.063078
-0.0118634
0.015017
0.0062276
-0.0134352
-0.0186762
-0.020922
-0.045786
-0.083654
-0.087998
-0.037812
0.0192452
0.0180848
-0.032888
-0.056788
-0.0160912
0.041594
0.061766
0.053396
0.053002
0.067204
0.081178
0.089634
0.094354
0.09461
0.093724
0.094534
0.085828
0.058394
0.027824
0.014613
0.0085248
-0.0141774
-0.04561
-0.053578
-0.031594
-0.0074248
0.00046102
0.003527
0.0121522
0.009535
-0.020076
-0.056878
-0.066214
-0.047308
-0.028834
-0.025534
-0.027164
-0.02642
-0.029012
-0.035522
-0.03998
-0.046638
-0.065828
-0.086818
-0.085782
-0.06424
-0.052788
-0.06387
-0.07458
-0.064446
-0.047166
-0.048432
-0.069236
-0.087388
-0.088376
-0.08088
-0.082074
-0.100034
-0.123378
-0.125978
-0.094068
-0.04526
-0.0088206
0.0106014
0.027238
0.042314
0.04241
0.033006
0.037826
0.059682
0.077348
0.08552
0.100032
0.112604
0.09172
0.039332
0.0023802
0.00053194
0.00154718
-0.0141534
-0.0166712
0.0086634
0.028592
0.0177848
-0.003005
-0.0155426
-0.029046
-0.04041
-0.026444
0.0043692
0.0118672
-0.0108326
-0.026566
-0.0132922
0.014076
0.035438
0.045778
0.052278
0.072688
0.111514
0.132124
0.100834
0.054902
0.06424
0.1214
0.153958
0.137704
0.122962
0.13989
0.160184
0.161022
0.163928
0.189322
0.21722
0.215
0.181212
0.147626
0.140002
0.147706
0.139724
0.11157
0.095164
0.11152
0.138932
0.149218
0.15069
