TREMURI 1   7    0
/impostazioni
Default
convergenza 3

!-------------------------------------------------------------------------------------------------------------------------------------------------------------------------------
/pareti
!Building 1
!num   x0   	   y0   angle(radiant)
1	0	   0	   	0°
!Common walls
!num   x0   	y0   angle(radiant)
2	0	   4.950       -90°	
3	2.500	   0	  	90°	
!Building 2 
!num  	 x0   	     y0  	 angle(radiant)
4	2.500      4.950	   180°
5	0.000	   2.450	   0°	
!Wall for creation of 3d nodes (optional)



!-------------------------------------------------------------------------------------------------------------------------------------------------------------------------------
/materiali
!num	E		G	rho	fm		tau0/fvm0       fv,lim		verifica	driftT		driftPF     	mu		Gc		beta
1 	3462e6	     1524e6	2000	1.30e6		0.233e6		19e6		1		1		1		0.25		5		0.5	
2 	3462e6	     1524e6	2000	1.30e6		0.233e6		19e6		1		1		1		0.25		10		0

!For rigid links
99	30e12	0	0

!-------------------------------------------------------------------------------------------------------------------------------------------------------------------------------

/nodi2d
!Building 1
!num   parete    Xloc	Z  	N/R      rho  	 t      xleft   xright 	 zup    zdown 
5	2	2.500	0	R	2000	0.30	0.000	0.500	0.500	0.000
6	2	2.500	2.200	R	2000	0.30	0.000	0.500	0.000	0.800
7	3	2.450	0	R	2000	0.30	0.500	0.000	0.500	0.000
8	3	2.450	2.200	R	2000	0.30	0.500	0.000	0.000	0.800
!Building 2
10	3	3.450	0	R	2000	0.35	0.000	0.500	0.500	0.000
13	3	3.450	1.650	R	2000	0.30	0.000	0.500	0.400	0.400
17	3	3.450	3.150	R	2000	0.25	0.000	0.500	0.000	0.400
19	4	1.000	0.000	R	2000	0.35	0.000	0.500	0.500	0.000
20	4	1.000	1.650	R	2000	0.30	0.000	0.500	0.400	0.400
21	4	1.000	3.150	R	2000	0.25	0.000	0.500	0.000	0.400
25	2	1.000	0.000	R	2000	0.35	0.000	0.500	0.500	0.000
26	2	1.000	1.650	R	2000	0.30	0.000	0.500	0.400	0.400
27	2	1.000	3.150	R	2000	0.25	0.000	0.500	0.000	0.400


/nodi3d
!Building 1
!n3  subwall  numI  numJ numK 	Z      R/P/N     rho  	 t      xleft   xright 	 zup    zdown 
1	2	1	2	0.000	N R	2000	0.30	1.450	0.000	0.500	0.000
2	2	1	3	0.000	N R	2000	0.30	0.000	1.450	0.500	0.000
3	2	1	2	2.200	R	2000	0.30	0.000	0.650	0.000	0.800	R	2000	0.30	1.450	0.000	0.000	0.800
4	2	1	3	2.200	R	2000	0.30	0.650	0.000	0.000	0.800	R	2000	0.30	0.000	1.450	0.000	0.800
	
!Building 2
!n3  subwall  numI  numJ numK 	Z      R/P/N     rho  	 t      xleft   xright 	 zup    zdown  R/P/N    rho  	 t      xleft   xright 	 zup    zdown 
9	2	3	5	0.000	N N
11	2	3	4	0.000	R	2000	0.35	0.500	0.000	0.500	0.000	R	2000	0.35	0.000	0.500	0.500	0.000
12	2	3	5	1.650	R	2000	0.30	0.000	0.500	0.400	0.400	N
14	2	3	4	1.650	R	2000	0.30	0.500	0.000	0.400	0.400	R	2000	0.30	0.000	0.500	0.400	0.400
15	2	3	5	2.200	N N
16	2	3	5	3.150	R	2000	0.25	0.000	0.500	0.000	0.400	N
18	2	3	4	3.150	R	2000	0.25	0.500	0.000	0.000	0.400	R	2000	0.25	0.000	0.500	0.000	0.400
22	2	4	2	0.000	R	2000	0.35	0.500	0.000	0.500	0.000	R	2000	0.35	0.000	0.500	0.500	0.000
23	2	4	2	1.650	R	2000	0.30	0.500	0.000	0.400	0.400	R	2000	0.30	0.000	0.500	0.400	0.400
24	2	4	2	3.150	R	2000	0.25	0.500	0.000	0.000	0.400	R	2000	0.25	0.000	0.500	0.000	0.400	
28	2	2	5	0.000	N N
29	2	2	5	1.650	R	2000	0.30	0.500	0.000	0.400	0.400	N
30	2	2	5	2.200	N N
31 	2	2	5	3.150	R	2000	0.25	0.500	0.000	0.000	0.400	N

!-------------------------------------------------------------------------------------------------------------------------------------------------------------------------------

	
/solaio
!fnum, nodeI, nodeJ, nodeK, nodeL, 	thickness, 	E1, 		E2, 		v, 	  G, 		alpha
1	23	29	12	14		0.12		24e+09		3.7e+09		0.14	75e6		90°	
2	24 	31	16	18		0.12		24e+09		3.7e+09		0.14	75e6		90°
3	3 	4	8	6	0.12		24e+09		3.7e+09		0.14	75e6		0°

!-------------------------------------------------------------------------------------------------------------------------------------------------------------------------------

/elementi
!Building 1
!num   parete  incI    incJ 	XBARloc		ZBAR              b		  h 		  t 		mat   type (0 pier; 1 spandrel)
1	1	1	3	0.325		0.700		0.650		1.400		0.300		1	0
2	1	2	4	2.175		0.700		0.650		1.400		0.300		1	0
3	1	3	4	1.250		1.800		0.800		1.200		0.300		2	1
4	2	1	3	4.225		0.950		1.450		0.900		0.300		1	0
5	2	5	6	2.750		0.950		0.500		0.900		0.300		1	0
6	2	5	1	3.250		0.250		0.500		0.500		0.300		2	1
7	2	6	3	3.250		1.800		0.800		0.500		0.300		2	1
8	3	2	4	0.725		0.950		1.450		0.900		0.300		1	0
9	3	7	8	2.200		0.950		0.500		0.900		0.300		1	0
10	3	2	7	1.700		0.250		0.500		0.500		0.300		2	1
11	3	4	8	1.700		1.800		0.800		0.500		0.300		2	1


!Building 2
!num   parete  incI    incJ 	XBARloc		ZBAR              b		  h 		  t 		mat   type (0 pier; 1 spandrel)
12	2	22	23	0.250		0.875		0.500		0.750		0.350		1	0
13	2	23	24	0.250		2.400		0.500		0.700		0.250		1	0
14	2	25	26	1.250		0.875		0.500		0.750		0.350		1	0
15	2	26	27	1.250		2.400		0.500		0.700		0.250		1	0
16	2	28	29	2.250		0.625		0.500		1.250		0.350		1	0
17	2	29	30	2.250		2.125		0.500		0.150		0.250		1	0
18	2	30	31	2.250		2.475		0.500		0.550		0.250		1	0
19	2	22	25	0.750		0.250		0.500		0.500		0.350		2	1	
20	2	23	26	0.750		1.650		0.800		0.500		0.300		2	1
21	2	24	27	0.750		2.950		0.400		0.500		0.250		2	1
22	2	26	29	1.750		1.650		0.800		0.500		0.300		2	1	
23	2	27	31	1.750		2.950		0.400		0.500		0.250		2	1
24	3	9	12	2.700		0.625		0.500		1.250		0.350		1	0
25	3	12	15	2.700		2.125		0.500		0.150		0.250		1	0
26	3	15	16	2.700		2.475		0.500		0.550		0.250		1	0
27	3	10	13	3.700		0.875		0.500		0.750		0.350		1	0
28	3	13	17	3.700		2.400		0.500		0.700		0.250		1	0
29	3	11	14	4.700		0.875		0.500		0.750		0.350		1	0
30	3	14	18	4.700		2.400		0.500		0.750		0.250		1	0
31	3	12	13	3.200		1.650		0.800		0.500		0.300		2	1	
32	3	16	17	3.200		2.950		0.400		0.500		0.250		2	1
33	3	10	11	4.200		0.250		0.500		0.500		0.350		2	1
34	3	13	14	4.200		1.650		0.800		0.500		0.300		2	1
35	3	17	18	4.200		2.950		0.400		0.500		0.250		2	1
36	4	11	14	0.250		0.875		0.500		0.750		0.350		1	0
37	4	14	18	0.250		2.400		0.500		0.700		0.250		1	0
38	4	19	20	1.250		0.875		0.500		0.750		0.350		1	0
39	4	20	21	1.250		2.400		0.500		0.700		0.250		1	0
40	4	22	23	2.250		0.875		0.500		0.750		0.350		1	0
41	4	23	24	2.250		2.400		0.500		0.700		0.250		1	0
42	4	11	19	0.750		0.250		0.500		0.500		0.350		2	1
43	4	14	20	0.750		1.650		0.800		0.500		0.300		2	1
44	4	18	21	0.750		2.950		0.400		0.500		0.250		2	1
45	4	19	22	1.750		0.250		0.500		0.500		0.350		2	1
46	4	20	23	1.750		1.650		0.800		0.500		0.300		2	1
47	4	21	24	1.750		2.950		0.400		0.500		0.250		2	1
48	5	28	29	1.250		0.825		2.500		1.650		0.350		1	0
49	5	29	30	1.250		1.925		2.500		0.550		0.250		1	0
50	5	30	31	1.250		2.675		2.500		0.950		0.250		1	0
		
		
!-------------------------------------------------------------------------------------------------------------------------------------------------------------------------------

!Rigid links
/traveElastica
!num   parete   incI     incJ   mat   Area     J      DeformIniz    tipo dXi dZi dXj dZj
300	5	12	29	99	10	5	0	0	0	0	0	0
301	5	15	30	99	10	5	0	0	0	0	0	0
302	5	16	31	99	10	5	0	0	0	0	0	0
!-------------------------------------------------------------------------------------------------------------------------------------------------------------------------------



/masse
!Building 1
6	60	0	1.225	0	
8	60	0	1.225	0
3	60	0	-1.225     0	0	0
4	60      0	-1.225	0	0	0

!Building 2 1st floor
23	62.5	-1.25	0	0	0	0
29	62.5	-1.25	0	0	0	0	
12	62.5	1.25	0	0	0	0	
14	62.5	1.25	0	0	0	0	

!Building2 2nd floor
24	62.5	-1.25	0	0	0	0
31	62.5	-1.25	0	0	0	0	
16	62.5	1.25	0	0	0	0	
18	62.5	1.25	0	0	0	0


!-------------------------------------------------------------------------------------------------------------------------------------------------------------------------------

/Piani 0 1.65 2.200 3.150 


/ripartizione
27	24	31
26	23	29
17	16	18
13	12	14
20	14	23	
19	11	22


!-------------------------------------------------------------------------------------------------------------------------------------------------------------------------------

/vincoli
!Building 1
1	v	v	v	v	v	
2	v	v	v	v	v	
5	v	v	v	v	v	
7	v	v	v	v	v
	


!Building 2
19	v	v	v	v	v
22	v	v	v	v	v	
28	v	v	v	v	v	
9	v	v	v	v	v	
10	v	v	v	v	v	
25	v	v	v	v	v


!-------------------------------------------------------------------------------------------------------------------------------------------------------------------------------

!ANALYSIS

!Gravity
/pp	1	0.008	1000	0	0	-9.81

!Modal
/am 10

!Pushover
!/cs	100	1e-1	1000
!102	0	0.1	0	0	0
!106	0	0.1	0	0	0

!Dynamic
/ad 4038	0.01	 100	 0.01	 0.922265243 	0.002315229 	1
uy montenegro.txt 4.399

!-------------------------------------------------------------------------------------------------------------------------------------------------------------------------------
!OUTPUT


!/var pounding1
!e200.Ni 0.001
!/var pounding2
!e201.Ni 0.001

!/var yshear
!n101.fy		0.001
!n105.fy 	0.001
!n113.fy		0.001
!n109.fy		0.001
!n10.fy		0.001
!n1.fy		0.001
!n4.fy		0.001
!n25.fy		0.001
!n19.fy		0.001
!n16.fy		0.001
!n28.fy		0.001

!/var element15force
!n16.fy		0.001
!/var element15bending
!e15.rot		1
!/var element15shear
!e15.delta	1


!/OutFileSTADATA        "Results_lisbon.sta"
!/output 		results.txt		1	0
!pounding1	10	5
!pounding2	10	5
!yshear 	10	5
!element15force		10	5
!element15bending	10	5
!element15shear		10	5



/var period
	periodo		1
/var frequency
	frequenza	1
/var massX
	ModMass.x	1
/var massY
	ModMass.y	1
	

/OutFileSTADATA       "Output_modal.sta"	 1	0
/output LisbonModal.txt	2   2
period			9	3
frequency		9	3
massX			9	3
massY			9	3	


!-------------------------------------------------------------------------------------------------------------------------------------------------------------------------------
/fine

